Id_kierowcy;Punkty;Id_wyscigu
31;10;1
42;6;1
46;4;1
13;2;1
23;3;1
47;1;1
31;10;2
46;2;2
13;6;2
18;1;2
14;4;2
20;3;2
31;10;3
29;6;3
8;4;3
42;3;3
23;2;3
30;1;3
31;4;4
29;6;4
8;10;4
46;3;4
18;2;4
20;1;4
31;2;5
29;10;5
8;6;5
42;4;5
46;3;5
14;1;5
31;10;6
29;6;6
8;4;6
42;3;6
13;2;6
38;1;6
29;1;7
8;10;7
42;6;7
13;4;7
30;2;7
10;3;7
31;10;8
29;3;8
42;6;8
13;4;8
20;1;8
22;2;8
29;6;9
8;10;9
42;4;9
46;2;9
23;3;9
20;1;9
29;10;10
8;6;10
42;4;10
23;3;10
18;2;10
30;1;10
29;6;11
8;4;11
42;10;11
18;3;11
30;2;11
38;1;11
31;6;12
29;10;12
8;4;12
42;3;12
46;2;12
14;1;12
31;6;13
29;10;13
8;3;13
46;4;13
18;2;13
14;1;13
31;10;14
29;6;14
46;4;14
22;3;14
47;1;14
3;2;14
31;10;15
8;2;15
42;6;15
23;3;15
14;4;15
47;1;15
31;10;16
29;6;16
8;4;16
42;3;16
23;1;16
18;2;16
31;10;17
29;3;17
8;6;17
42;4;17
23;2;17
10;1;17
31;10;18
8;6;18
42;4;18
33;3;18
26;1;18
14;2;18
31;10;19
8;4;19
42;6;19
46;2;19
29;1;19
14;3;19
31;6;20
8;10;20
33;4;20
20;2;20
13;1;20
37;3;20
8;6;21
42;4;21
46;10;21
29;3;21
20;2;21
14;1;21
31;10;22
8;2;22
19;6;22
23;4;22
33;1;22
20;3;22
31;6;23
8;10;23
42;4;23
26;3;23
37;2;23
22;1;23
31;10;24
8;2;24
42;6;24
23;3;24
10;4;24
16;1;24
31;6;25
46;10;25
29;4;25
26;3;25
16;2;25
38;1;25
31;10;26
8;4;26
42;2;26
46;3;26
29;1;26
19;6;26
31;10;27
8;3;27
42;4;27
46;6;27
33;1;27
20;2;27
31;6;28
42;4;28
29;10;28
19;3;28
33;1;28
26;2;28
42;6;29
46;10;29
23;4;29
13;3;29
16;1;29
18;2;29
31;10;30
8;4;30
42;6;30
46;3;30
29;2;30
33;1;30
31;10;31
8;6;31
42;2;31
29;3;31
13;4;31
16;1;31
31;3;32
42;6;32
46;4;32
19;10;32
23;1;32
38;2;32
31;6;33
8;4;33
29;10;33
33;1;33
20;3;33
10;2;33
31;10;34
8;4;34
42;2;34
46;1;34
29;3;34
19;6;34
31;10;35
19;6;35
26;4;35
10;3;35
32;2;35
30;1;35
31;4;36
19;6;36
46;10;36
18;3;36
33;2;36
12;1;36
31;10;37
19;2;37
46;6;37
8;4;37
18;3;37
30;1;37
31;10;38
42;6;38
19;3;38
46;4;38
8;1;38
18;2;38
31;10;39
19;6;39
8;4;39
33;3;39
12;2;39
14;1;39
31;10;40
42;6;40
19;4;40
46;3;40
8;1;40
13;2;40
31;6;41
46;4;41
8;10;41
20;3;41
13;2;41
14;1;41
31;10;42
42;4;42
8;6;42
26;3;42
20;1;42
13;2;42
31;6;43
42;10;43
46;3;43
26;4;43
18;2;43
12;1;43
31;10;44
42;6;44
19;4;44
33;1;44
23;3;44
37;2;44
31;10;45
19;3;45
46;2;45
8;4;45
26;6;45
18;1;45
31;10;46
42;3;46
19;6;46
46;4;46
8;2;46
33;1;46
31;6;47
42;10;47
46;4;47
8;2;47
26;3;47
13;1;47
31;10;48
42;6;48
19;4;48
46;2;48
8;3;48
10;1;48
31;6;49
42;10;49
18;2;49
20;3;49
10;4;49
37;1;49
31;6;50
42;10;50
19;3;50
8;4;50
20;2;50
23;1;50
31;10;51
42;6;51
19;3;51
26;4;51
18;1;51
54;2;51
31;5;52
26;6;52
19;8;52
46;1;52
11;2;52
8;10;52
20;4;52
14;3;52
31;3;53
26;10;53
42;8;53
46;5;53
11;6;53
20;4;53
18;2;53
33;1;53
26;8;54
46;2;54
11;6;54
8;5;54
20;1;54
14;4;54
13;10;54
23;3;54
31;10;55
26;8;55
19;2;55
42;6;55
46;5;55
11;3;55
8;4;55
18;1;55
31;10;56
19;5;56
42;6;56
46;4;56
11;8;56
32;2;56
6;3;56
43;1;56
31;10;57
26;8;57
42;6;57
46;3;57
8;4;57
20;1;57
18;5;57
32;2;57
31;6;58
26;8;58
19;10;58
42;1;58
46;5;58
11;4;58
8;2;58
20;3;58
31;10;59
26;3;59
19;6;59
42;4;59
46;8;59
11;5;59
32;2;59
37;1;59
31;4;60
19;8;60
42;6;60
46;10;60
11;5;60
18;2;60
32;3;60
33;1;60
31;6;61
26;5;61
19;8;61
42;2;61
46;10;61
8;4;61
32;3;61
37;1;61
31;5;62
26;6;62
19;8;62
42;10;62
8;4;62
20;3;62
18;1;62
6;2;62
31;2;63
19;10;63
11;5;63
8;8;63
20;6;63
18;1;63
6;3;63
37;4;63
31;1;64
26;8;64
19;6;64
46;5;64
11;10;64
8;4;64
20;2;64
32;3;64
31;10;65
26;5;65
19;8;65
42;6;65
11;1;65
32;2;65
23;3;65
28;4;65
31;10;66
26;8;66
19;3;66
20;5;66
14;6;66
13;2;66
33;4;66
24;1;66
31;1;67
26;8;67
42;10;67
8;6;67
20;4;67
18;5;67
6;2;67
54;3;67
31;10;68
42;8;68
18;3;68
11;6;68
19;4;68
20;2;68
46;5;68
8;1;68
31;10;69
42;5;69
18;6;69
11;2;69
19;8;69
20;4;69
8;3;69
12;1;69
31;10;70
42;8;70
18;6;70
11;3;70
20;5;70
54;4;70
46;2;70
32;1;70
31;10;71
42;3;71
18;8;71
11;5;71
19;6;71
20;4;71
26;1;71
46;2;71
31;10;72
42;8;72
18;1;72
11;5;72
20;6;72
54;4;72
46;3;72
13;2;72
42;6;73
18;8;73
19;5;73
20;10;73
12;4;73
37;1;73
6;3;73
33;2;73
31;10;74
42;8;74
18;6;74
11;4;74
19;1;74
20;5;74
13;3;74
32;2;74
31;10;75
42;8;75
18;6;75
26;4;75
8;3;75
13;5;75
33;1;75
52;2;75
31;10;76
42;8;76
20;5;76
26;3;76
54;6;76
8;2;76
37;4;76
57;1;76
31;10;77
42;6;77
18;4;77
11;8;77
19;1;77
20;5;77
26;2;77
8;3;77
31;10;78
42;6;78
18;5;78
19;4;78
26;8;78
8;2;78
13;3;78
32;1;78
31;10;79
18;8;79
11;6;79
19;4;79
54;1;79
8;5;79
32;3;79
1;2;79
31;10;80
42;8;80
18;4;80
11;6;80
19;5;80
54;3;80
13;1;80
1;2;80
31;8;81
42;6;81
26;10;81
8;2;81
13;4;81
12;5;81
37;1;81
7;3;81
31;8;82
42;10;82
18;6;82
19;4;82
54;5;82
8;3;82
13;1;82
1;2;82
42;10;83
18;8;83
11;5;83
19;4;83
26;6;83
54;3;83
13;2;83
12;1;83
31;10;84
18;6;84
11;4;84
19;2;84
26;3;84
54;5;84
46;8;84
13;1;84
31;2;85
42;6;85
11;5;85
19;10;85
26;8;85
54;3;85
46;4;85
12;1;85
11;6;86
26;1;86
19;3;86
13;10;86
42;8;86
32;4;86
8;5;86
7;2;86
11;10;87
31;2;87
19;5;87
46;4;87
20;8;87
33;6;87
8;3;87
7;1;87
11;10;88
26;6;88
46;5;88
20;8;88
32;3;88
8;1;88
12;2;88
38;4;88
11;10;89
31;8;89
20;4;89
32;2;89
33;3;89
23;5;89
3;6;89
55;1;89
11;8;90
26;10;90
19;2;90
13;4;90
46;5;90
20;6;90
32;3;90
8;1;90
11;5;91
26;10;91
31;2;91
19;4;91
46;3;91
42;1;91
32;6;91
33;8;91
11;10;92
31;4;92
19;2;92
13;3;92
20;1;92
42;6;92
33;8;92
8;5;92
26;10;93
31;8;93
46;3;93
42;6;93
32;4;93
8;2;93
12;5;93
7;1;93
31;10;94
42;8;94
53;6;94
35;5;94
5;4;94
40;3;94
11;10;95
26;8;95
31;6;95
13;3;95
46;2;95
20;4;95
18;5;95
23;1;95
11;8;96
26;6;96
31;3;96
19;10;96
13;5;96
46;1;96
42;2;96
18;4;96
11;10;97
31;4;97
19;8;97
13;5;97
46;3;97
18;6;97
8;2;97
12;1;97
26;10;98
31;8;98
46;6;98
20;5;98
18;4;98
32;2;98
33;3;98
54;1;98
11;8;99
26;10;99
19;6;99
13;5;99
20;3;99
18;4;99
8;2;99
7;1;99
11;8;100
26;5;100
19;10;100
13;6;100
46;3;100
20;4;100
18;1;100
1;2;100
11;8;101
26;10;101
46;2;101
42;4;101
18;6;101
32;5;101
23;3;101
53;1;101
11;6;102
26;8;102
31;5;102
19;10;102
13;4;102
46;1;102
42;3;102
18;2;102
11;6;103
26;10;103
31;2;103
13;8;103
46;1;103
18;4;103
32;5;103
8;3;103
11;10;104
26;8;104
13;5;104
46;6;104
18;1;104
32;2;104
12;3;104
7;4;104
11;10;105
31;8;105
26;6;105
18;5;105
19;4;105
32;3;105
36;2;105
7;1;105
11;8;106
31;3;106
12;4;106
13;10;106
18;6;106
19;5;106
46;1;106
23;2;106
11;10;107
13;4;107
26;8;107
42;2;107
33;5;107
46;6;107
8;1;107
23;3;107
11;8;108
31;10;108
12;5;108
13;1;108
26;4;108
18;2;108
19;6;108
32;3;108
11;8;109
31;10;109
12;6;109
13;3;109
26;5;109
42;4;109
23;1;109
36;2;109
11;10;110
31;8;110
12;5;110
13;6;110
26;4;110
18;3;110
42;2;110
33;1;110
11;10;111
31;4;111
13;3;111
42;5;111
19;8;111
33;2;111
46;1;111
8;6;111
11;10;112
31;8;112
12;4;112
13;5;112
26;6;112
19;3;112
33;2;112
23;1;112
11;10;113
31;8;113
12;4;113
13;5;113
26;6;113
33;2;113
20;3;113
8;1;113
11;4;114
31;10;114
12;8;114
13;6;114
42;3;114
20;5;114
8;2;114
55;1;114
11;8;115
31;10;115
12;6;115
13;3;115
26;4;115
33;1;115
46;5;115
38;2;115
11;4;116
31;10;116
12;8;116
13;3;116
26;6;116
18;5;116
20;2;116
7;1;116
31;1;117
12;2;117
18;10;117
42;5;117
33;6;117
46;3;117
38;8;117
8;4;117
11;8;118
31;6;118
12;10;118
13;3;118
18;5;118
42;1;118
46;2;118
38;4;118
31;10;119
13;5;119
26;8;119
18;4;119
42;3;119
33;1;119
20;2;119
45;6;119
11;8;120
31;10;120
13;6;120
18;5;120
42;3;120
33;2;120
38;4;120
32;1;120
11;10;121
12;8;121
13;6;121
26;4;121
18;5;121
33;1;121
46;2;121
20;3;121
11;8;122
31;5;122
12;10;122
13;3;122
26;4;122
18;6;122
42;2;122
38;1;122
26;10;123
27;6;123
11;8;123
12;3;123
33;5;123
13;4;123
36;2;123
46;1;123
26;6;124
27;8;124
11;10;124
12;4;124
33;5;124
15;1;124
13;3;124
20;2;124
26;6;125
27;8;125
11;4;125
12;10;125
33;5;125
45;3;125
13;1;125
20;2;125
27;8;126
11;6;126
12;10;126
45;5;126
15;2;126
36;3;126
8;4;126
54;1;126
26;1;127
27;8;127
11;10;127
12;6;127
33;3;127
45;4;127
13;5;127
3;2;127
26;4;128
27;10;128
11;2;128
33;8;128
15;5;128
3;6;128
46;1;128
54;3;128
26;5;129
27;10;129
11;8;129
12;6;129
15;4;129
32;2;129
20;3;129
51;1;129
26;10;130
27;6;130
11;2;130
12;8;130
33;4;130
45;5;130
13;3;130
18;1;130
26;10;131
27;6;131
11;8;131
12;4;131
33;3;131
45;5;131
15;2;131
13;1;131
11;10;132
12;8;132
33;3;132
45;2;132
15;1;132
8;4;132
3;5;132
32;6;132
26;8;133
27;10;133
11;5;133
33;6;133
45;4;133
15;1;133
36;2;133
46;3;133
26;8;134
27;4;134
11;6;134
12;10;134
33;5;134
45;1;134
15;3;134
36;2;134
26;6;135
27;8;135
11;10;135
33;5;135
45;4;135
15;2;135
36;3;135
18;1;135
26;10;136
27;5;136
11;6;136
12;8;136
33;4;136
15;1;136
36;3;136
32;2;136
26;6;137
27;10;137
12;3;137
45;2;137
15;8;137
13;4;137
8;5;137
2;1;137
26;10;138
11;8;138
12;6;138
33;2;138
8;1;138
51;5;138
18;4;138
55;3;138
26;10;139
27;2;139
11;6;139
12;8;139
33;3;139
45;4;139
36;5;139
20;1;139
27;10;140
26;1;140
11;5;140
33;8;140
15;4;140
36;6;140
25;3;140
48;2;140
27;4;141
26;10;141
45;8;141
11;1;141
33;3;141
15;6;141
20;5;141
32;2;141
12;10;142
26;8;142
45;6;142
33;5;142
15;4;142
20;3;142
32;2;142
36;1;142
27;6;143
12;8;143
26;10;143
45;5;143
20;1;143
32;4;143
25;2;143
18;3;143
27;8;144
12;10;144
26;6;144
45;5;144
11;3;144
33;4;144
32;2;144
36;1;144
27;10;145
12;6;145
45;8;145
15;1;145
51;4;145
32;5;145
42;3;145
25;2;145
12;4;146
45;10;146
33;8;146
51;1;146
20;3;146
52;5;146
42;2;146
8;6;146
12;10;147
26;8;147
45;4;147
11;1;147
15;5;147
20;6;147
32;3;147
35;2;147
27;10;148
26;5;148
11;3;148
33;8;148
15;4;148
20;2;148
42;6;148
25;1;148
27;10;149
12;6;149
26;3;149
45;2;149
33;5;149
15;4;149
51;1;149
35;8;149
27;4;150
26;6;150
45;1;150
11;5;150
15;10;150
20;2;150
52;8;150
35;3;150
27;8;151
12;10;151
45;6;151
15;5;151
51;3;151
20;4;151
52;2;151
36;1;151
27;6;152
12;10;152
45;3;152
11;5;152
33;8;152
51;4;152
32;1;152
48;2;152
27;2;153
12;3;153
45;6;153
11;5;153
33;4;153
15;8;153
51;10;153
32;1;153
27;6;154
11;10;154
33;3;154
51;4;154
52;5;154
36;8;154
25;1;154
8;2;154
12;2;155
26;6;155
45;8;155
11;10;155
51;3;155
20;4;155
32;1;155
35;5;155
27;10;156
12;8;156
26;6;156
45;3;156
11;5;156
33;4;156
52;2;156
35;1;156
27;4;157
12;10;157
26;6;157
11;8;157
15;2;157
51;5;157
20;1;157
52;3;157
18;10;158
42;8;158
36;3;158
20;6;158
11;4;158
52;5;158
49;2;158
48;1;158
18;5;159
42;2;159
32;1,5;159
27;1;159
36;0,5;159
20;2,5;159
52;3;159
33;4;159
18;6;160
51;10;160
42;5;160
32;8;160
27;3;160
52;2;160
15;4;160
49;1;160
18;10;161
51;8;161
42;4;161
27;5;161
26;3;161
20;6;161
11;1;161
52;2;161
18;10;162
51;5;162
42;8;162
32;6;162
36;1;162
11;4;162
12;3;162
33;2;162
18;10;163
42;8;163
32;4;163
26;6;163
36;3;163
11;2;163
12;5;163
48;1;163
18;10;164
51;6;164
32;8;164
36;4;164
20;5;164
52;1;164
12;3;164
45;2;164
18;3;165
51;10;165
42;6;165
32;8;165
26;1;165
36;4;165
20;2;165
12;5;165
18;4;166
51;8;166
42;3;166
32;10;166
36;5;166
11;2;166
12;6;166
15;1;166
18;2;167
32;6;167
27;10;167
26;8;167
36;5;167
20;1;167
52;3;167
15;4;167
18;2;168
42;10;168
27;8;168
26;6;168
36;4;168
11;3;168
15;5;168
45;1;168
51;6;169
42;2;169
26;10;169
36;1;169
15;3;169
33;4;169
45;5;169
13;8;169
18;8;170
51;1;170
42;10;170
26;6;170
11;4;170
15;3;170
33;2;170
2;5;170
18;4;171
51;5;171
42;3;171
27;10;171
11;6;171
52;8;171
15;2;171
45;1;171
18;1;172
51;10;172
42;2;172
27;6;172
26;5;172
36;4;172
20;8;172
33;3;172
18;4;173
51;5;173
42;1;173
32;10;173
27;6;173
26;3;173
45;8;173
49;2;173
18;6;174
51;10;174
42;5;174
32;8;174
20;2;174
33;4;174
49;1;174
25;3;174
51;12;175
11;25;175
32;4;175
27;15;175
18;6;175
12;18;175
36;10;175
31;8;175
42;1;175
55;2;175
11;12;176
32;2;176
27;8;176
18;25;176
12;15;176
36;10;176
45;18;176
31;1;176
42;4;176
55;6;176
51;25;177
32;18;177
27;8;177
18;4;177
12;6;177
36;15;177
45;12;177
2;10;177
34;1;177
17;2;177
51;8;178
11;12;178
32;4;178
27;18;178
18;25;178
12;2;178
36;15;178
45;10;178
31;1;178
56;6;178
51;15;179
11;18;179
32;25;179
18;10;179
12;8;179
45;4;179
31;12;179
42;2;179
2;6;179
17;1;179
51;18;180
11;8;180
32;25;180
27;10;180
12;12;180
36;6;180
45;15;180
2;4;180
55;2;180
49;1;180
11;4;181
32;15;181
27;25;181
18;18;181
12;6;181
36;10;181
45;8;181
31;12;181
2;2;181
25;1;181
51;12;182
11;15;182
32;10;182
27;25;182
18;18;182
36;8;182
45;6;182
2;1;182
55;2;182
49;4;182
51;25;183
11;4;183
27;18;183
18;15;183
36;1;183
45;10;183
42;12;183
2;8;183
25;6;183
49;2;183
51;6;184
32;25;184
27;18;184
18;12;184
36;15;184
31;2;184
42;10;184
2;4;184
25;8;184
34;1;184
51;15;185
11;25;185
32;8;185
27;12;185
18;10;185
12;18;185
36;4;185
45;6;185
31;2;185
56;1;185
51;15;186
11;18;186
32;25;186
18;4;186
12;12;186
42;1;186
25;2;186
56;10;186
34;8;186
38;6;186
32;18;187
27;25;187
12;12;187
36;8;187
45;15;187
31;6;187
2;10;187
25;4;187
56;2;187
55;1;187
51;12;188
11;25;188
32;8;188
18;18;188
12;15;188
36;10;188
45;4;188
31;2;188
42;1;188
34;6;188
51;18;189
11;25;189
32;15;189
18;12;189
12;4;189
36;10;189
45;6;189
42;8;189
2;2;189
34;1;189
51;25;190
11;15;190
32;18;190
27;10;190
18;12;190
31;8;190
42;2;190
25;6;190
49;1;190
33;4;190
11;25;191
27;18;191
12;15;191
45;10;191
31;12;191
42;6;191
25;4;191
34;1;191
55;8;191
33;2;191
51;25;192
11;15;192
32;18;192
27;12;192
18;10;192
36;8;192
45;2;192
31;6;192
25;1;192
34;4;192
51;25;193
11;6;193
32;4;193
27;18;193
18;15;193
12;1;193
36;12;193
45;10;193
56;8;193
17;2;193
51;25;194
18;8;194
32;10;194
11;12;194
27;18;194
12;6;194
2;2;194
56;15;194
39;1;194
49;4;194
51;25;195
18;18;195
32;12;195
11;8;195
27;4;195
12;10;195
31;2;195
33;15;195
25;6;195
39;1;195
51;18;196
18;12;196
32;15;196
11;6;196
27;25;196
12;8;196
36;10;196
31;4;196
56;2;196
25;1;196
51;25;197
18;8;197
32;18;197
11;15;197
27;12;197
36;10;197
56;4;197
33;6;197
25;1;197
49;2;197
51;25;198
18;15;198
32;12;198
11;10;198
27;18;198
36;6;198
31;8;198
33;4;198
25;1;198
50;2;198
51;25;199
18;15;199
32;12;199
11;18;199
27;8;199
2;6;199
33;4;199
25;10;199
49;1;199
42;2;199
51;18;200
18;25;200
32;15;200
12;8;200
31;12;200
56;10;200
25;6;200
17;4;200
49;1;200
42;2;200
51;25;201
18;8;201
32;15;201
11;18;201
27;12;201
12;10;201
36;6;201
2;2;201
33;1;201
17;4;201
51;18;202
32;15;202
11;25;202
27;12;202
12;10;202
36;8;202
31;2;202
33;4;202
17;1;202
50;6;202
51;12;203
32;15;203
11;18;203
27;25;203
12;10;203
36;6;203
31;4;203
2;8;203
56;1;203
25;2;203
51;18;204
18;25;204
32;10;204
11;15;204
27;12;204
12;8;204
36;2;204
39;6;204
17;1;204
49;4;204
51;25;205
18;15;205
32;18;205
11;12;205
12;4;205
36;8;205
31;10;205
2;6;205
56;2;205
41;1;205
51;25;206
18;18;206
11;15;206
27;12;206
12;8;206
31;10;206
39;4;206
17;6;206
49;1;206
4;2;206
51;25;207
18;18;207
32;15;207
11;12;207
27;10;207
12;2;207
36;6;207
2;4;207
39;8;207
50;1;207
51;15;208
18;25;208
32;12;208
11;18;208
27;10;208
12;6;208
36;1;208
31;8;208
56;2;208
50;4;208
51;25;209
18;12;209
32;15;209
11;10;209
27;18;209
12;8;209
36;4;209
39;1;209
17;6;209
49;2;209
51;25;210
18;18;210
32;12;210
11;15;210
27;6;210
36;8;210
31;10;210
2;2;210
17;4;210
50;1;210
18;15;211
32;12;211
11;18;211
27;25;211
12;10;211
36;8;211
31;6;211
2;4;211
25;1;211
39;2;211
51;18;212
18;15;212
32;25;212
11;12;212
12;10;212
36;6;212
2;8;212
56;1;212
25;2;212
39;4;212
51;18;213
11;10;213
26;6;213
27;15;213
18;25;213
32;12;213
50;4;213
25;8;213
39;1;213
9;2;213
11;25;214
26;10;214
27;15;214
32;12;214
50;18;214
34;2;214
31;1;214
39;6;214
4;8;214
21;4;214
51;10;215
11;2;215
27;15;215
18;18;215
32;12;215
44;8;215
36;25;215
25;1;215
41;4;215
4;6;215
51;25;216
11;6;216
26;18;216
27;4;216
32;12;216
12;2;216
44;15;216
36;10;216
31;1;216
39;8;216
51;8;217
11;18;217
26;15;217
27;4;217
18;2;217
44;12;217
36;6;217
34;1;217
25;10;217
41;25;217
51;12;218
11;15;218
26;2;218
27;10;218
32;25;218
12;8;218
36;18;218
34;4;218
39;6;218
4;1;218
51;12;219
11;10;219
26;4;219
27;25;219
32;6;219
12;1;219
44;18;219
36;8;219
50;15;219
25;2;219
11;25;220
26;18;220
18;4;220
32;12;220
36;8;220
50;2;220
34;10;220
31;15;220
39;6;220
4;1;220
51;15;221
11;18;221
26;10;221
27;4;221
18;1;221
32;25;221
12;12;221
44;8;221
31;6;221
4;2;221
51;10;222
11;25;222
26;15;222
18;18;222
32;4;222
36;1;222
50;8;222
34;2;222
25;12;222
31;6;222
51;12;223
11;10;223
26;18;223
27;25;223
18;8;223
32;4;223
12;2;223
44;15;223
36;1;223
4;6;223
51;18;224
26;15;224
18;25;224
32;8;224
12;10;224
34;12;224
31;6;224
39;1;224
21;4;224
9;2;224
11;15;225
26;10;225
27;25;225
12;12;225
36;6;225
50;18;225
25;2;225
31;8;225
39;4;225
4;1;225
51;25;226
11;15;226
26;8;226
18;18;226
12;4;226
44;6;226
36;10;226
50;1;226
39;12;226
9;2;226
51;25;227
26;8;227
27;10;227
18;12;227
32;2;227
12;18;227
34;6;227
25;15;227
41;4;227
9;1;227
51;25;228
11;15;228
26;10;228
27;1;228
32;18;228
12;12;228
44;6;228
34;8;228
21;4;228
9;2;228
51;25;229
11;18;229
26;6;229
27;12;229
18;10;229
32;15;229
12;8;229
44;2;229
34;4;229
4;1;229
51;15;230
11;18;230
26;25;230
18;12;230
12;6;230
25;8;230
39;2;230
41;10;230
4;4;230
9;1;230
51;18;231
11;15;231
26;8;231
27;25;231
18;10;231
12;12;231
44;6;231
34;4;231
41;2;231
4;1;231
51;8;232
11;18;232
26;1;232
18;25;232
32;12;232
12;15;232
34;10;232
25;2;232
31;6;232
21;4;232
